Ebola
8
1.6
90
Guinea Baja 2013-12-26

3
UE
	NAFTA
NAFTA
	UE
UA
	UE
	NAFTA

Estados Unidos
	NAFTA			432529	075000
	328239523				175000
	19				0.4018	020000
	52		0.20	2.6201	250000
	29		0.60	667000	100000

Reino Unido
	UE				255030	30000
	66834405				05000
	11				0.6498	15000
	58		0.00	11.9699	1000000
	30		0.10	136000	15000


Alemania
	UE				297375	3000
	83132799				1750
	7				0.4934	5000
	64		0.00	69		8000
	28		0.10	203000	100000

Espanna
	UE				62510	05000
	46754778				01000
	12				0.5371	01000
	55		0.10	5		03500
	33		1.20	747000	15000

Guinea
	UA				72		20
	13132795				1000
	5				0.5062	1000
	32		61.4	15		1000
	63		81.2	11800	1000

Kenia
	UA				2813	50
	52573973				50
	14				0.1956	10000
	49.9	36.4	66		30
	36.1	21.1	105000	15

